00001111110000000000000010010000 00001111110000000000000000010000
00001111110000000000000010010000 10001111110000000000000000010000
01111111011111111111111111111111 01111110111111111111111000000000
00000000000000000000000000000000 01111110111111111111111000000000
00000000100000000001000100000000 10000000100000000001000000000000 
00001100100000000001000100000000 10001100100000000001000100000000
01111111100000000000000000000000 01010101001101000000000000000000
01111111100000011000000000000000 01010101001101000000000000000000
01111111100000000000000000000000 01111111100000011000000000000000
01111111100000000000000000000000 11111111100000000000000000000000
00000010110000000000010000000000 10000110110000000000110000000000
10000010110000000000010000000000 10000110110000001000110000000000
00010110011100011100011100011100 00011000111100011100011100011100
10100101011001100110011001100110 11001010011001100110011001100110
11000101011001100110011001100110 00010101001100110011001100110011
00001111011000110001100011000110 10010101001100110011001100110011
10001111011000110001100011000110 11111111001100110011001100110011
00000001001010101010101010101010 00000000101010101010101010101011
00100100010011001100110011001111 00100101010011001100110011001100
10100100010011001100110011001111 10100101111001100110011001100110
00000011110000000000000000000001 00000011110000000000000000000000